# oST version 5.0 parameters


[image]

width
1280

height
720

[narrow_stereo/left]

camera matrix
1129.121158 0.000000 705.000103
0.000000 1120.516676 348.991119
0.000000 0.000000 1.000000

distortion
-0.105198 0.214489 -0.005553 -0.008726 0.000000

rectification
0.999852 -0.016360 -0.005402
0.016406 0.999830 0.008421
0.005263 -0.008509 0.999950

projection
1227.412001 0.000000 667.091415 0.000000
0.000000 1227.412001 312.727863 0.000000
0.000000 0.000000 1.000000 0.000000
# oST version 5.0 parameters


[image]

width
1280

height
720

[narrow_stereo/right]

camera matrix
1127.532543 0.000000 687.978716
0.000000 1122.907427 282.312483
0.000000 0.000000 1.000000

distortion
-0.078461 0.219757 -0.007900 -0.001512 0.000000

rectification
0.999369 -0.011671 0.033553
0.011955 0.999894 -0.008266
-0.033453 0.008662 0.999403

projection
1227.412001 0.000000 667.091415 71.985556
0.000000 1227.412001 312.727863 0.000000
0.000000 0.000000 1.000000 0.000000
